
== alpha=0.01 (split_seed=42 vs 1000 re-splits)
condition                  obs_mean  rs_mean  rs_2.5%  rs_97.5%  pct  P(mean>a)  obs_exc  rs_exc
blurring                   0.0084   0.0093   0.0040   0.0156    43.6  0.361      2        1.82
blurring+noise             0.0156   0.0192   0.0116   0.0300    23.4  0.994      2        3.86
cropping                   0.0064   0.0076   0.0036   0.0132    36.4  0.151      1        1.04
cropping+jpeg              0.0056   0.0063   0.0032   0.0108    39.4  0.041      0        0.59
jpeg+cropping              0.0028   0.0034   0.0012   0.0060    38.3  0.000      0        0.03
jpeg_q30                   0.0104   0.0114   0.0068   0.0164    35.3  0.672      3        2.62
jpeg_q50                   0.0040   0.0041   0.0020   0.0068    51.7  0.000      0        0.12
jpeg_q70                   0.0032   0.0064   0.0024   0.0112     7.7  0.072      0        0.83
jpeg_q90                   0.0080   0.0109   0.0064   0.0176    17.0  0.558      2        2.31
noise+blurring+jpeg        0.0008   0.0009   0.0000   0.0024    60.8  0.000      0        0.00
noise_s001                 0.0064   0.0090   0.0036   0.0164    24.0  0.313      2        1.78
noise_s003                 0.0132   0.0164   0.0084   0.0268    27.2  0.917      2        3.34
noise_s005                 0.0132   0.0179   0.0104   0.0276    15.4  0.980      2        3.87
noise_s008                 0.0128   0.0143   0.0076   0.0236    41.0  0.830      3        2.79
none                       0.0060   0.0100   0.0044   0.0172    10.5  0.442      2        1.87
rotation                   0.0008   0.0005   0.0000   0.0012    88.8  0.000      0        0.00
rotation+cropping+jpeg     0.0012   0.0016   0.0004   0.0032    40.5  0.000      0        0.00
within-budget obs (of 85): 64 | re-split mean=58.1 (2.5-97.5%: 38-76); P(re-split <= obs)=0.728
conditions with seed-mean FPR > alpha: obs=5 | re-split mean=6.33 (2.5-97.5%: 2-11)

== alpha=0.05 (split_seed=42 vs 1000 re-splits)
condition                  obs_mean  rs_mean  rs_2.5%  rs_97.5%  pct  P(mean>a)  obs_exc  rs_exc
blurring                   0.0336   0.0435   0.0316   0.0584     7.7  0.183      0        1.33
blurring+noise             0.0676   0.0765   0.0592   0.0960    17.4  0.999      5        4.82
cropping                   0.0336   0.0403   0.0288   0.0544    15.9  0.074      0        0.84
cropping+jpeg              0.0236   0.0277   0.0188   0.0392    22.9  0.000      0        0.06
jpeg+cropping              0.0148   0.0162   0.0108   0.0240    38.6  0.000      0        0.00
jpeg_q30                   0.0288   0.0350   0.0248   0.0468    13.1  0.005      0        0.28
jpeg_q50                   0.0156   0.0219   0.0140   0.0320     6.2  0.000      0        0.02
jpeg_q70                   0.0268   0.0350   0.0236   0.0492     9.5  0.018      0        0.51
jpeg_q90                   0.0344   0.0485   0.0344   0.0652     2.8  0.386      0        1.97
noise+blurring+jpeg        0.0108   0.0136   0.0080   0.0212    24.3  0.000      0        0.00
noise_s001                 0.0376   0.0463   0.0340   0.0624    10.4  0.281      0        1.63
noise_s003                 0.0532   0.0650   0.0492   0.0840     8.3  0.963      3        4.09
noise_s005                 0.0632   0.0725   0.0560   0.0924    16.2  0.997      5        4.66
noise_s008                 0.0608   0.0717   0.0552   0.0928    13.1  0.997      5        4.54
none                       0.0360   0.0497   0.0356   0.0672     2.7  0.436      0        2.21
rotation                   0.0020   0.0042   0.0016   0.0072     7.8  0.000      0        0.00
rotation+cropping+jpeg     0.0088   0.0097   0.0060   0.0140    35.7  0.000      0        0.00
within-budget obs (of 85): 67 | re-split mean=58.0 (2.5-97.5%: 42-71); P(re-split <= obs)=0.894
conditions with seed-mean FPR > alpha: obs=4 | re-split mean=5.34 (2.5-97.5%: 3-9)

== alpha=0.1 (split_seed=42 vs 1000 re-splits)
condition                  obs_mean  rs_mean  rs_2.5%  rs_97.5%  pct  P(mean>a)  obs_exc  rs_exc
blurring                   0.0720   0.0863   0.0656   0.1092     8.9  0.118      0        1.03
blurring+noise             0.1324   0.1407   0.1136   0.1712    30.2  0.998      5        4.83
cropping                   0.0804   0.0904   0.0680   0.1168    22.3  0.203      0        1.41
cropping+jpeg              0.0628   0.0692   0.0500   0.0908    29.2  0.001      0        0.17
jpeg+cropping              0.0404   0.0459   0.0316   0.0628    28.0  0.000      0        0.00
jpeg_q30                   0.0564   0.0665   0.0488   0.0860    13.7  0.000      0        0.06
jpeg_q50                   0.0552   0.0613   0.0452   0.0816    27.0  0.000      0        0.12
jpeg_q70                   0.0704   0.0793   0.0584   0.1044    24.6  0.054      0        0.63
jpeg_q90                   0.0860   0.0989   0.0764   0.1264    15.9  0.420      1        1.98
noise+blurring+jpeg        0.0380   0.0439   0.0308   0.0596    22.6  0.000      0        0.00
noise_s001                 0.0848   0.0957   0.0736   0.1212    19.9  0.343      0        1.85
noise_s003                 0.1160   0.1241   0.0992   0.1540    29.9  0.971      4        4.32
noise_s005                 0.1272   0.1373   0.1100   0.1696    27.7  0.997      5        4.77
noise_s008                 0.1300   0.1411   0.1132   0.1740    26.4  0.999      5        4.75
none                       0.0876   0.0995   0.0776   0.1260    16.2  0.438      1        2.23
rotation                   0.0080   0.0126   0.0076   0.0188     5.3  0.000      0        0.00
rotation+cropping+jpeg     0.0208   0.0250   0.0164   0.0360    20.4  0.000      0        0.00
within-budget obs (of 85): 64 | re-split mean=56.9 (2.5-97.5%: 38-71); P(re-split <= obs)=0.789
conditions with seed-mean FPR > alpha: obs=4 | re-split mean=5.54 (2.5-97.5%: 3-10)
